1.8400000000000014 3.1226666666666967
1.8400000000000014 3.1226666666666967
1.8400000000000014 3.1226666666666967
1.8400000000000014 3.1226666666666967
1.8400000000000014 3.1226666666666967
1.8400000000000014 3.1226666666666967
1.8400000000000014 3.1226666666666967
1.8400000000000014 3.1226666666666967
1.8400000000000014 3.1226666666666967
1.8400000000000014 3.1226666666666967
1.8400000000000014 3.1226666666666967
1.8400000000000014 3.1226666666666967
1.8400000000000014 3.1226666666666967
0.8900000000000006 2.474666666666721
0.9000000000000006 3.0373333333333905
0.8200000000000005 3.24933333333337
0.8500000000000005 2.7640000000000446
1.8400000000000014 3.1226666666666967
0.8900000000000006 2.474666666666721
0.9000000000000006 3.0373333333333905
0.8200000000000005 3.24933333333337
0.8500000000000005 2.7640000000000446
1.8400000000000014 3.1226666666666967
0.8900000000000006 2.474666666666721
0.9000000000000006 3.0373333333333905
0.8200000000000005 3.24933333333337
0.8500000000000005 2.7640000000000446
